3.396845896220074337e+03 1.384357993262192394e+03 5.192267396302745510e+02 4.882327274582860923e+02 -9.666162503470371803e+01 -5.249820738754684157e+01 -1.877712388586110848e+01 -1.604835289669037124e+01 -4.900503319617100573e+01 -2.559627005557824120e+01 -8.743859232452020791e+00 -6.771679724764396724e+00
1.384357993262192394e+03 1.162086142617040878e+03 2.856139911106117211e+02 2.685847658673363298e+02 -5.317994173095299715e+01 -2.888272992355434710e+01 -1.033053555396437240e+01 -8.829258473746499192e+00 -2.696090417433131137e+01 -1.408219807598603168e+01 -4.810574251348547214e+00 -3.725548096820801902e+00
5.192267396302745510e+02 2.856139911106117211e+02 2.325671399337412595e+02 1.008265501396423360e+02 -1.997363335941345497e+01 -1.084794452823286903e+01 -3.880002926764620330e+00 -3.316144505804571541e+00 -1.012613398000282494e+01 -5.289074265770959293e+00 -1.806783595792196939e+00 -1.399263130546980261e+00
4.882327274582860923e+02 2.685847658673363298e+02 1.008265501396423360e+02 1.868934072433390270e+02 -1.884830433510643743e+01 -1.023676344705318542e+01 -3.661400741107367462e+00 -3.129310513509455216e+00 -9.555620229866914173e+00 -4.991083976478787321e+00 -1.704988094473028459e+00 -1.320427628507232498e+00
-9.666162503470371803e+01 -5.317994173095299715e+01 -1.997363335941345497e+01 -1.884830433510643743e+01 5.140863235858373628e+03 1.973444073901391221e+03 6.985717614557132720e+02 5.972663894498894024e+02 -1.889953928182832215e+02 -9.871592361690007067e+01 -3.372202817963121646e+01 -2.611601678746437827e+01
-5.249820738754684157e+01 -2.888272992355434710e+01 -1.084794452823286903e+01 -1.023676344705318542e+01 1.973444073901391221e+03 1.728499897380132325e+03 3.768958011721395565e+02 3.222660648793689120e+02 -1.026458982445507218e+02 -5.361392412586329925e+01 -1.831487964605792840e+01 -1.418395423160663427e+01
-1.877712388586110848e+01 -1.033053555396437240e+01 -3.880002926764620330e+00 -3.661400741107367462e+00 6.985717614557132720e+02 3.768958011721395565e+02 3.319539788471376482e+02 1.145088449571465077e+02 -3.671353449242957367e+01 -1.917618420543054825e+01 -6.550714418303029696e+00 -5.073199239588493725e+00
-1.604835289669037124e+01 -8.829258473746499192e+00 -3.316144505804571541e+00 -3.129310513509455216e+00 5.972663894498894024e+02 3.222660648793689120e+02 1.145088449571465077e+02 2.305754341647451042e+02 -3.137816852041842708e+01 -1.638942008431960318e+01 -5.598736917826096615e+00 -4.335940488385592317e+00
-4.900503319617100573e+01 -2.696090417433131137e+01 -1.012613398000282494e+01 -9.555620229866914173e+00 -1.889953928182832215e+02 -1.026458982445507218e+02 -3.671353449242957367e+01 -3.137816852041842708e+01 4.788819531236764306e+03 1.606499647091826091e+03 5.463978192776402238e+02 4.102009206078103034e+02
-2.559627005557824120e+01 -1.408219807598603168e+01 -5.289074265770959293e+00 -4.991083976478787321e+00 -9.871592361690007067e+01 -5.361392412586329925e+01 -1.917618420543054825e+01 -1.638942008431960318e+01 1.606499647091826091e+03 1.562534945896159797e+03 2.830962824393736810e+02 2.131529224597034045e+02
-8.743859232452020791e+00 -4.810574251348547214e+00 -1.806783595792196939e+00 -1.704988094473028459e+00 -3.372202817963121646e+01 -1.831487964605792840e+01 -6.550714418303029696e+00 -5.598736917826096615e+00 5.463978192776402238e+02 2.830962824393736810e+02 3.043020443102653871e+02 7.274064961989191147e+01
-6.771679724764396724e+00 -3.725548096820801902e+00 -1.399263130546980261e+00 -1.320427628507232498e+00 -2.611601678746437827e+01 -1.418395423160663427e+01 -5.073199239588493725e+00 -4.335940488385592317e+00 4.102009206078103034e+02 2.131529224597034045e+02 7.274064961989191147e+01 1.819131594046118607e+02